0,0,6,10
0,1,21,22
9,2,6,24
13,3,15,10
13,4,15,20
13,5,22,19
14,6,8,18
14,7,2,10
16,8,25,12
16,9,2,22
16,10,13,15
18,11,25,24
18,12,5,15
25,13,12,22
31,14,24,5
31,15,11,18
31,16,17,25
39,17,12,25
40,18,17,25
41,19,16,21
42,20,25,14
42,21,13,12
43,22,12,23
43,23,25,8
46,24,4,13
46,25,23,24
56,26,3,13
58,27,20,5
63,28,20,11
63,29,6,12
64,30,10,9
64,31,3,4
67,32,19,18
70,33,6,12
70,34,13,19
72,35,18,11
81,36,6,19
85,37,21,14
85,38,8,25
88,39,11,7
88,40,21,5
95,41,8,3
97,42,10,23
99,43,13,24
107,44,8,14
111,45,13,12
111,46,18,9
113,47,12,3
115,48,22,14
115,49,4,11
120,50,6,15
120,51,8,5
124,52,10,13
124,53,11,20
124,54,24,18
131,55,16,13
132,56,19,14
132,57,9,22
132,58,3,23
136,59,12,19
140,60,21,22
140,61,3,18
140,62,3,1
144,63,18,8
150,64,15,25
150,65,25,7
150,66,15,21
150,67,22,14
152,68,4,2
152,69,21,3
152,70,15,22
152,71,24,18
160,72,6,18
160,73,22,12
160,74,2,7
168,75,7,8
168,76,11,3
168,77,16,19
168,78,18,20
168,79,18,25
171,80,20,9
174,81,12,2
175,82,23,21
180,83,18,21
180,84,23,11
180,85,24,12
180,86,8,16
180,87,14,7
192,88,25,2
201,89,17,21
202,90,7,8
204,91,10,18
208,92,16,3
215,93,3,6
217,94,16,17
217,95,20,24
217,96,14,10
222,97,18,21
222,98,19,18
224,99,4,3
224,100,12,6
232,101,4,9
242,102,10,14
245,103,15,21
245,104,18,1
247,105,10,5
257,106,15,17
259,107,25,6
262,108,15,6
262,109,12,9
263,110,21,23
263,111,3,12
272,112,25,17
282,113,11,10
295,114,19,2
304,115,23,9
304,116,20,3
314,117,15,13
315,118,7,20
315,119,20,17
315,120,6,15
315,121,5,3
316,122,21,24
318,123,22,13
318,124,21,1
326,125,8,3
326,126,4,13
326,127,6,9
328,128,20,1
334,129,2,6
334,130,2,23
335,131,8,11
344,132,22,14
344,133,8,11
344,134,12,19
357,135,24,9
358,136,6,2
358,137,21,14
358,138,17,23
365,139,1,25
365,140,21,16
365,141,20,16
366,142,23,3
370,143,5,21
374,144,2,23
379,145,5,19
379,146,10,18
382,147,20,23
382,148,3,20
385,149,2,6
385,150,10,16
391,151,12,10
391,152,11,12
391,153,17,5
393,154,16,15
393,155,25,12
402,156,16,13
410,157,16,24
410,158,25,21
415,159,22,19
416,160,24,3
416,161,12,7
422,162,20,17
426,163,6,8
432,164,18,10
432,165,21,11
439,166,8,24
443,167,20,10
443,168,2,25
451,169,16,8
451,170,15,9
451,171,10,9
458,172,8,18
459,173,22,15
465,174,5,16
465,175,2,5
469,176,25,15
469,177,5,13
473,178,8,25
473,179,7,15
475,180,1,11
482,181,5,24
486,182,14,17
486,183,7,5
491,184,19,5
495,185,23,8
496,186,16,24
496,187,9,3
496,188,5,23
500,189,10,9
501,190,6,23
502,191,17,10
502,192,9,3
502,193,25,7
504,194,10,15
505,195,20,13
505,196,5,24
505,197,2,14
510,198,21,18
510,199,3,21