0,0,1,13
0,1,18,22
2,2,18,17
7,3,6,1
12,4,13,1
22,5,1,13
27,6,13,1
28,7,1,13
32,8,1,13
32,9,1,13
32,10,13,1
49,11,13,1
53,12,16,20
54,13,20,1
54,14,7,1
55,15,1,13
61,16,21,23
66,17,1,6
70,18,13,1
79,19,25,1
79,20,13,1
83,21,16,22
88,22,1,13
98,23,1,13
108,24,1,13
108,25,1,13
108,26,1,12
108,27,25,23
114,28,1,6
114,29,16,20
114,30,17,24
114,31,1,13
118,32,9,1
118,33,3,1
125,34,1,13
125,35,21,19
127,36,1,13
135,37,23,18
141,38,15,18
144,39,13,1
144,40,1,3
146,41,1,13
149,42,14,1
155,43,1,8
155,44,13,1
155,45,1,13
156,46,1,13
160,47,24,1
160,48,1,8
168,49,19,1
168,50,13,1
170,51,13,1
173,52,13,1
173,53,1,13
177,54,1,6
182,55,13,1
182,56,1,13
182,57,1,13
188,58,1,13
188,59,1,6
192,60,1,13
192,61,14,22
192,62,13,1
194,63,1,13
194,64,1,13
201,65,1,13
202,66,7,1
203,67,1,5
209,68,25,1
220,69,14,17
221,70,20,21
225,71,19,23
232,72,7,1
239,73,1,10
243,74,1,8
250,75,13,1
250,76,12,1
254,77,1,4
257,78,21,19
271,79,13,1
272,80,13,1
283,81,1,7
294,82,1,13
297,83,13,1
298,84,13,1
298,85,22,18
306,86,25,15
306,87,22,1
311,88,13,1
311,89,13,1
314,90,13,1
324,91,1,13
339,92,4,1
339,93,1,13
339,94,2,1
348,95,9,1
348,96,13,1
355,97,1,13
360,98,1,13
362,99,13,1
377,100,13,1
377,101,1,10
383,102,14,18
383,103,13,1
392,104,1,13
395,105,1,13
395,106,20,1
395,107,1,13
404,108,1,13
412,109,13,1
417,110,1,13
421,111,1,13
421,112,21,1
424,113,1,13
429,114,18,21
429,115,13,1
432,116,1,13
440,117,13,1
440,118,1,13
441,119,13,1
441,120,3,1
451,121,8,1
463,122,13,1
468,123,13,1
477,124,1,13
477,125,13,1
481,126,1,3
481,127,1,13
481,128,23,19
481,129,18,1
486,130,2,1
490,131,4,1
495,132,13,1
506,133,8,1
508,134,11,1
508,135,1,13
509,136,13,1
509,137,1,13
521,138,1,8
527,139,13,1
529,140,25,1
533,141,11,1
536,142,13,1
537,143,7,1
537,144,1,13
542,145,1,8
542,146,1,13
550,147,1,10
562,148,13,1
568,149,11,3
572,150,11,1
572,151,1,7
572,152,1,13
575,153,13,1
576,154,17,1
576,155,13,1
584,156,13,1
589,157,1,13
597,158,3,1
599,159,1,13
599,160,1,13
604,161,13,1
604,162,13,1
604,163,1,13
617,164,14,1
618,165,17,15
618,166,1,7
625,167,9,1
625,168,20,19
625,169,2,1
625,170,5,1
627,171,1,13
629,172,6,1
631,173,20,1
638,174,1,4
644,175,13,1
652,176,13,1
655,177,13,1
655,178,10,1
661,179,15,21
676,180,15,1
676,181,1,13
677,182,1,13
677,183,13,1
687,184,1,13
692,185,1,13
701,186,1,13
702,187,13,1
702,188,1,13
713,189,1,13
720,190,1,13
723,191,1,13
723,192,1,6
727,193,10,1
727,194,16,19
732,195,13,1
732,196,9,1
733,197,1,6
737,198,21,15
739,199,1,2
742,200,13,1
748,201,13,1
753,202,1,13
758,203,13,1
758,204,1,13
764,205,13,1
766,206,1,13
766,207,15,22
772,208,13,1
772,209,2,1
779,210,19,1
790,211,24,1
795,212,24,1
801,213,13,1
808,214,13,1
809,215,13,1
809,216,23,1
809,217,14,16
812,218,1,13
813,219,13,1
813,220,17,19
814,221,1,13
814,222,13,1
816,223,13,1
816,224,13,1
823,225,1,9
826,226,1,12
832,227,1,13
840,228,22,19
840,229,8,1
840,230,13,1
840,231,13,1
845,232,1,13
850,233,6,1
850,234,25,22
850,235,13,1
859,236,13,1
861,237,22,19
861,238,1,4
865,239,22,23
874,240,14,18
882,241,13,1
884,242,1,13
884,243,13,1
891,244,17,21
891,245,1,13
893,246,1,13
893,247,18,23
895,248,13,1
898,249,1,13
907,250,13,1
917,251,1,13
917,252,16,14
917,253,3,1
917,254,16,23
918,255,4,1
918,256,13,1
927,257,13,1
930,258,1,13
934,259,1,13
940,260,1,13
946,261,18,23
952,262,11,1
956,263,13,1
956,264,1,10
961,265,1,13
969,266,23,16
973,267,13,1
986,268,1,4
986,269,1,5
986,270,1,5
995,271,13,1
998,272,1,9
1002,273,8,1
1005,274,20,1
1007,275,13,1
1018,276,1,13
1026,277,1,13
1029,278,1,6
1029,279,1,8
1032,280,1,13
1032,281,1,13
1035,282,1,13
1036,283,25,23
1042,284,1,13
1044,285,1,9
1044,286,13,1
1049,287,7,1
1049,288,11,1
1051,289,1,13
1061,290,1,11
1065,291,1,13
1067,292,1,13
1071,293,16,15
1077,294,1,13
1077,295,16,1
1078,296,13,1
1081,297,10,1
1089,298,1,13
1090,299,1,13
1094,300,1,13
1099,301,13,1
1099,302,13,1
1108,303,4,1
1112,304,1,13
1112,305,13,1
1118,306,1,13
1120,307,8,1
1120,308,1,13
1122,309,1,13
1137,310,1,13
1140,311,1,13
1140,312,20,21
1151,313,1,13
1155,314,1,13
1155,315,1,13
1170,316,1,13
1170,317,5,1
1170,318,14,22
1179,319,13,1
1183,320,19,18
1194,321,1,13
1198,322,25,18
1204,323,1,12
1206,324,22,25
1206,325,20,22
1206,326,3,1
1216,327,1,2
1216,328,1,3
1221,329,1,13
1231,330,1,13
1231,331,1,13
1232,332,1,6
1241,333,1,7
1246,334,1,12
1246,335,1,13
1246,336,13,1
1247,337,23,24
1259,338,1,13
1268,339,14,1
1279,340,13,1
1280,341,8,1
1284,342,13,1
1293,343,13,1
1299,344,1,9
1302,345,13,1
1302,346,7,1
1304,347,13,1
1310,348,25,18
1310,349,1,5
1311,350,13,1
1314,351,2,1
1320,352,1,2
1320,353,1,13
1322,354,1,13
1332,355,1,13
1334,356,1,9
1338,357,1,13
1338,358,1,13
1343,359,1,13
1343,360,13,1
1343,361,12,1
1345,362,1,13
1345,363,1,13
1346,364,1,13
1346,365,1,13
1353,366,1,13
1353,367,13,1
1355,368,1,2
1361,369,12,1
1362,370,1,13
1364,371,1,13
1364,372,1,13
1364,373,23,19
1364,374,1,13
1375,375,14,21
1384,376,10,1
1384,377,1,13
1384,378,1,13
1392,379,4,1
1398,380,13,1
1403,381,1,13
1408,382,13,1
1409,383,19,21
1409,384,1,13
1409,385,1,13
1413,386,4,1
1417,387,1,2
1417,388,13,1
1421,389,1,13
1421,390,13,1
1423,391,1,4
1430,392,1,13
1431,393,13,1
1431,394,1,13
1438,395,24,22
1446,396,21,23
1453,397,13,1
1453,398,1,13
1453,399,1,13
1454,400,1,13
1455,401,1,13
1455,402,1,13
1462,403,1,13
1465,404,1,13
1465,405,1,13
1471,406,18,1
1476,407,20,22
1479,408,24,15
1482,409,1,3
1492,410,13,1
1492,411,1,7
1492,412,1,13
1495,413,18,24
1497,414,1,13
1499,415,23,25
1500,416,1,13
1504,417,18,14
1511,418,23,19
1516,419,19,15
1521,420,13,1
1521,421,14,18
1527,422,10,1
1527,423,1,13
1534,424,1,13
1536,425,22,16
1536,426,1,13
1536,427,25,1
1547,428,1,13
1550,429,1,13
1551,430,1,13
1559,431,13,1
1559,432,13,1
1568,433,20,1
1572,434,1,13
1572,435,13,1
1579,436,1,13
1580,437,21,20
1593,438,1,5
1593,439,1,9
1593,440,13,1
1601,441,24,22
1604,442,1,13
1604,443,17,15
1609,444,1,13
1609,445,1,10
1617,446,1,13
1620,447,1,3
1624,448,18,1
1627,449,1,13
1637,450,1,5
1644,451,1,13
1647,452,21,1
1655,453,1,13
1663,454,25,20
1663,455,3,1
1665,456,1,13
1671,457,13,1
1672,458,1,13
1673,459,1,13
1676,460,10,1
1678,461,1,13
1678,462,18,19
1682,463,1,6
1690,464,15,1
1699,465,22,23
1707,466,1,13
1707,467,1,13
1719,468,1,13
1719,469,1,13
1727,470,20,1
1728,471,1,13
1731,472,13,1
1737,473,1,8
1737,474,2,1
1741,475,1,13
1741,476,19,23
1757,477,25,15
1757,478,13,1
1758,479,22,21
1767,480,1,13
1767,481,1,13
1783,482,13,1
1794,483,22,19
1794,484,1,13
1796,485,24,21
1796,486,13,1
1800,487,1,13
1800,488,13,1
1803,489,14,1
1813,490,16,23
1813,491,16,25
1813,492,1,13
1815,493,24,20
1824,494,1,8
1824,495,19,16
1824,496,1,13
1824,497,13,1
1832,498,1,13
1832,499,1,13